25
0 1 2.51
0 2 4.97
1 2 2.51
1 3 4.97
2 3 2.51
2 4 4.97
3 4 2.51
3 5 4.97
4 5 2.51
4 6 4.97
5 6 2.51
5 7 4.97
6 7 2.51
6 8 4.97
7 8 2.51
7 9 4.97
8 9 2.51
8 10 4.97
9 10 2.51
9 11 4.97
10 11 2.51
10 12 4.97
11 12 2.51
11 13 4.97
12 13 2.51
12 14 4.97
13 14 2.51
13 15 4.97
14 15 2.51
14 16 4.97
15 16 2.51
15 17 4.97
16 17 2.51
16 18 4.97
17 18 2.51
17 19 4.97
18 19 2.51
18 20 4.97
19 20 2.51
19 21 4.97
20 21 2.51
20 22 4.97
21 22 2.51
21 23 4.97
22 23 2.51
22 24 4.97
23 24 2.51
23 0 4.97
24 0 2.51
24 1 4.97