50
0 1 0.15
1 2 0.82
2 3 0.44
3 4 0.91
4 5 0.53
5 6 0.27
6 7 0.68
7 8 0.39
8 9 0.74
9 10 0.12
10 11 0.85
11 12 0.49
12 13 0.33
13 14 0.95
14 15 0.61
15 0 0.22
0 5 0.31
2 10 0.45
8 15 0.72
16 17 0.77
17 18 0.58
18 19 0.14
19 20 0.89
20 21 0.47
21 22 0.31
22 23 0.92
23 24 0.65
24 25 0.28
25 26 0.71
26 27 0.55
27 28 0.18
28 29 0.84
29 30 0.42
30 31 0.37
31 32 0.98
32 16 0.25
16 22 0.41
18 28 0.56
20 30 0.66
33 34 0.26
34 35 0.79
35 36 0.51
36 37 0.16
37 38 0.87
38 39 0.46
39 40 0.35
40 41 0.94
41 42 0.67
42 43 0.24
43 44 0.72
44 45 0.59
45 46 0.11
46 47 0.83
47 48 0.48
48 49 0.32
49 33 0.96
33 40 0.81
38 45 0.13
42 49 0.52